-463 822 -600 862 536 -805 -891 107 -894 -308 -814 426 685 105 659 149 131 -72 -724 974 -101 866 72 -167 -882 -600 -862 947 -54 707 -707 585 -744 -605 763 365 -628 512 869 -178 391 865 -885 -641 -680 120 -328 605
-136 -854 -589 313 -593 -652 -939 407 903 -615 -710 -698 563 742 597 941 171 497 653 372 -168 97 698 945 810 -985 631 373 612 -550 117 514 622 -65 -733 421 -497 568 -606 720 878 -388 -373 -105 530
-316 -413 29 97 -713 -738 -522 278 169 713 745 456 -287 -835 -300 -574 391 -400 -959 -67 154 623 914 -439 -89 -316 758 -98 343 900 788 -615 360 926 971 -812 485 149 -965 349 -9 -100 319 969 -130 -808 462
-337 -309 -885 598 -69 818 -652 93 237 700 302 -788 -296 -583 944 -227 -146 438 -860 639 -727 -676 322 -193 886 -304 -682 987 929 -860 472 345 798 -429
634 -635 -537 -649 594 -726 -468 -235 342 -33 -664 -488 42 127 -807 864 -550 436 67 361 696 325 -256 -837 -893 905 -299 935 230 314 -617 -449 -447 825 246 431 706 -806 506 -620 250 -377
25 -628 384 -296 989 -553 245 865 756 -864 -198 -703 361 -59 -730 -30 -494 -545 656 -209 -559 446 968 348 406 75 588 -20 -638 -722 814 778 -233 838 843 -531 679 -108 -931 -248 -732 118 -42 -864 -795 -203 -235 948 -710 244 -822 255 616 725 586 258
971 -284 294 -387 -794 -117 -281 -9 -895 690 -702 -512 631 -187 919 -753 -44 -953 -57 588 -391 410 -35 -526 -489
507 481 -598 296 -840 894 -809 434 -774 -244 877 -557 -111 -519 748 206 658 -718 -682 -677 -402 38 -285 936 -129 851 545 -843 213 -823 616 -40 841 -264 -31 -434 -556 -281 -59 -851 -91 827 -173 -308 672 123 190 970
226 819 397 562 756 -652 -897 -191 979 -23 -689 922 367 -725 -339 -455 871 -836 470 260 549 234 -101 369 181 20 423 -756 -495 5 358 -653 211 193 478 40 131 -21 -680 -595 -923 -455 2 868 407 -170 254 -118 457 -266 -948 -948 930 804 830 -179 177 916 -117 -40 -94 81 -540 640 -406 -455 -82 -419
-335 -252 331 550 767 -642 -811 -486 373 792 161 -10 -789 136 -18 928 -922 830 356 266 -438 54 -465 570 -281 -30 864 50 31 375 -293 -702 919 -746 169 -321 -596 -269 377 155 -537 -672 816 -844 319 451 -819 833 -125 -133 -277 334 -900 67 609 -240 255 434 862 459 586 -472 766 -982 -34 -741 171 -76
13 437 -231 303 973 -769 137 206 277 145 313 -324 727 752 46 617 -670 -583 786 -227 790 168 384 -927 747 432 -968 812 -579 514 348 704 -433 637 103 289 -434 451
-673 108 -870 653 816 924 -250 392 99 362 -279 422 913 -237 285 399 53 242 663 -811 -442 -138 919 -221 -941 -489 603
541 -570 773 68 457 209 950 -763 -260 653 -587 -557 81 387 181 -120 29 630 -857 -268 633 934 -743 611 -641 597 198 -706 -85 -626 959 -747 914 30 -886 281 -673
375 -938 810 -393 92 -553 -438 337 236 933 -392 -163 802 249 413 885 712 743 -179 538 -154 9 678 -171 933 -726 -845 -828 979 -642 541 768 153 893 -429 -313 644 -655 -361 -502 -480 603 -42 -521 861 648 599 342 295 -765 714 578 867 393 52 -928
-874 83 -944 555 106 851 -665 789 921 -726 -790 -860 415 493 595 288 678 -30 146 35 298 996 -718 -968 373
-139 524 -386 -99 650 349 -798 -325 123 969 458 498 -132 880 -481 303 91 433 351 -617 567 289 998 653 579 -25 -694 379 997 -382 -621 -664 -298 -209 -40 -789 22 -640 -620 333 -107 75 -910 541 632 -494 -849
-890 790 -412 -613 934 596 580 725 -833 -515 -867 936 431 287 708 130 650 -681 996 -908 -736 850 326 -146 487 144 -559 500 -665 126 80 648 -322 -988 291 -944 182 403 -112 -406 417 -545 -100 -423 385 38 -970 -806 -989 751 541 -19 550 -460 623 629 -987 969 403 740 487 -313 -460 972
-796 222 9 -365 351 -712 867 750 -474 848 925 312 -84 -200 89 -489 988 763 -507 367 684 -989 177 96 -31 -991 -125 -229 -107 -722 -244 -207 -863 -424 892 -90 858 309 274 136 -246 766 16 -209 628 221 -962 -978 357 993 -227 -411 320 -370 -271 -752 -241 -885 -88 301 -289 558 626 -300 -913 -251 334 425 -692 707 -915 -34 464 871 -166
810 -745 -396 -413 -761 568 -460 606 -922 -729 193 508 506 891 -102 522 530 -920 34 578 711 -438 795 457 -484 -518 146 -661 -659 436 -44 -226 -625 -584 -897 -77 -149 -922 196 99 640 -540 -819 139 622 753 649 -198 893 366 872 -479 -356 -549 140 110 -63 606 584 -245 -349 -372 491 595 115 611 88 280 818 -788 654 -467 -868 694
-43 -506 80 39 -529 330 -41 243 -137 -801 -626 -52 -492 -206 -539 733 -827 -415 143 -190 896 392 274 53 903 782 -395 -278 591 467 -798 691 514 305 807 480 -394 891 346 -314 -248 -54 -491 -336 952 373 -795 444 -977 -966 886 -470
577 227 112 129 220 -619 886 -377 419 -580 -773 354 965 513 -771 92 -727 -769 943 -326 -741 -501 201 -224 442 -73 780 8 -832 115 887 157 -238 981 -806 427 -202 469 -60 485 542 800 272 -929 -43 58 -910 871 278 59 -320 771 -88
15 673 -484 591 267 728 -975 987 797 -497 -828 865 -365 292 -349 406 341 -552 935 -866 367 379 -172 -438 -554 -644 -578 864 411 699 -763 -284 622 754 402 -402 281 587 -90 -238 849 -575 731 668 878 -188 487 26 -380 796 343 679 653 -456 -149 -659 571 963 -275 -82 -47 -355 -868 671 -450
108 -144 21 -325 164 980 -932 424 -660 -885 -363 -742 -469 499 279 -908 -6 985 -51 659 568 -135 -273 219 345 -106 -890 -996 530 -811 -911 129 -623 818 356 -770 -904 -561 710 932 -972 -648 878 566 -493 -270 -956 772 -920 -46 -132 801 -984 27 -521
-326 -108 387 569 999 -950 518 129 -23 -527 995 -810 -631 -715 -300 -782 865 546 -897 684 -206 -42 -122 -961 -490 247 767 -518 -920 2 -605 -776 791 -113 -294 49 201 73 -445 857
700 260 -557 -381 290 462 -921 -965 938 -845 888 -112 148 546 -738 -294 -639 650 -628 690 -907 -788 -592 989 -911 -678 562 867 981 874 -593 10 149 -269 -780 -769 20 377 -594 -795 983 370 103 948 33 -10 -697 658 849 -240 -371 742 -146 -785 387 -971 -306 212 -348 212 191 -28 -595 264 -617 359 619
-878 -21 -416 989 -224 996 -713 558 102 198 169 -684 -464 527 631 -993 -383 -4 -568 -506 -740 701 -429 -993 -119 -273 -251 -638 -547 971 801 -269 -117 135 -528 821 840 -755 576 739 297
971 -309 -291 -568 568 802 884 409 427 -967 736 -466 -505 -519 803 -838 534 -607 -453 961 80 -942 -190 419 999 -193 776 978 -518 -359 138 188 -774 -276 774 -237 -29 283 -612 -860 811 -420 -220 -815 -906 -53 -813 243 344 -96 -352
-383 -685 79 588 -111 143 710 -658 -787 668 -533 -568 -879 -487 695 -3 989 -626 -741 762 -469 -912 -831 -104 117 -528 496 -948 -41 -504 -429 -684 -548 -220 194 873 -330 -152 -953 356 -763 397 -947 435 -164 517 239 -671 284 -877 550 -630 548 -529 511 91 468 261 741 971 -114 -652 695 6 -392 970 -745 393 -693 29 928
932 934 693 614 -590 129 359 -489 -490 656 -256 473 598 -680 -976 -280 338 -267 -260 -675 -332 169 -909 -292 -767 64 -493 305 983 -464 -691 -830 -296 751 308 -608 -684 920 -734 -966 4 -17 -208 656 -553 -318
-709 99 44 862 983 975 -216 510 159 65 644 -820 790 911 711 522 -335 -92 -387 359 881 232 -792 -525 101 484 -195 -76 927 -441 259 -59 -525 354 28 912 518 560 -26 -718
29 366 -161 -582 -649 246 195 543 -676 -46 705 -101 -811 359 -449 590 34 -381 891 -521 40 876 -191 44 -372 269 356 865 -52 -600 -452 -997 -491 -459 826 737 -124 -594
154 -179 514 635 -331 -885 -602 629 -287 -294 -212 926 -221 -467 -202 -57 -461 235 -626 775 -302 200 -88 823 117 454 -271 965 -791 -198 -744 937 -223 714 -269 -798 338 -218 -284 -93 241 -285 219 -15 -6 -735 263 -877 741 681 -372 599 922 600 762 -552 -675 -894 352 359 644
667 160 991 106 263 -668 -869 -16 -621 -485 -700 -934 50 473 653 810 507 -695 -294 -34 903 661 -842 -322 -190 287 169 475 -811 -463 -255 717 -869 -658 749 560 2 919 297 -992 666 -571 -3 -703 912 266 -973 943 -496 869 -973 867 -470 -266 -569 259
167 -676 -875 -430 -841 -44 740 946 328 -699 737 770 670 -155 396 173 -585 299 -857 967 -850 721 316 874 -368 -177 -42 834 -176 -179 375 -112 -118 -199 -141 304 562 582 -573 555 -34 -741 364 -620 246 699 -81 931
23 236 179 875 -196 -259 627 -939 251 -572 -741 -178 46 943 -890 -217 -462 -561 278 204 53 207 -453 -506 570 -405 -214 493 -353 -540 723 12 -486 -40 -334 91 -319 -163 802 -561 -208 101 308 517 493 796 417 117 -299 -790 -606 -410 -684 -501 403 -829 -565 -552 355 604 -830 856 -441 483 667 -844 -994 -356 -210 121
-451 -412 963 48 472 -587 505 73 157 -474 -582 -175 -728 610 431 -538 162 441 -719 3 -202 -108 -229 386 -148 646 -177 -200 73 153 -802 -851 -622 1 559 487 934 -127 -858 -960 749 -247 -838 172 -425
-162 599 -756 -963 -640 -473 -504 -917 126 -1 -3 255 -905 -952 -134 -403 165 -935 873 383 962 -518 32 -295 646 -988 -602 -845 -887 -307 -921 -950 -173 569 601 -176
95 -68 97 751 534 726 868 -482 909 786 -51 703 28 344 311 258 -436 752 629 -789 -544 -607 -358 -66 802 -681 -674 364 -349 -94 -872 -759 276 -202 782 -355 -241
-464 -87 743 524 -425 402 882 569 97 -822 -769 31 726 363 -33 797 -911 -78 97 790 701 -81 -502 -713 -300 -857 131
-175 971 -33 721 299 871 188 134 -521 -87 -223 117 833 352 -836 -697 745 232 499 227 827 -515 -154 -695 111 -11 311 -771 192 350 -371 677 221 914 362 -120 -945 816 868 332 437 -111 282 636
251 -640 -252 5 659 -417 164 -465 486 817 932 763 667 -747 -400 -282 -335 533 -220 461 770 144 588 -936 893 -451 905 505 -556 -278 647 885 737 -62 800 954 -493 -798 607 528 225 873 -159 -720 948 -427 523 -812 -463 -361 -234 -505 -427 -7 -121 756 -844 936 -575 669
588 -672 361 609 548 483 -985 -606 -590 -2 -356 280 460 116 -726 -844 -86 -437 334 59 -728 -891 -795 273 -763 325 -286 293 359 -363 -341 218
-286 124 -78 525 -671 198 -736 757 485 534 -983 595 392 -39 271 112 144 993 -487 925 -834 820 944 128 -903 714 -919 -294 -318 520 561 -474 607 555
-236 322 508 -123 275 -955 19 -754 -262 -225 944 -152 -663 -843 228 -504 564 -464 612 -110 248 866 -989 537 127 652 37 -465 226 358 -791 510 541 823 -949 773 120 23 -856 427 -254 238 937 -220 -78 490
-740 -475 544 496 -51 -775 -744 14 -290 918 707 -180 -505 735 -818 392 -969 -997 996 872 -206 -433 -355 976 407 115 608 -92 -517 605 197 -890 150
-877 -109 -718 -586 800 158 -643 368 -532 560 960 -724 -158 840 482 -314 -36 836 436 837 266 -219 252 251 708 650 -594 -730 458 302 -771 557 -768 -883 -198 316 0 -156 279 806 -503 -673 625 -412 -241 -34 198 738 -9 -22 305 -733 860 -247 166 -232 836 -335 623 -799 296 -565 -998 -721 479 509 19 -793 -480 819
920 944 -981 -216 634 -469 455 334 606 978 -330 477 864 -723 -643 -974 -844 -288 -940 -831 -823 581 -338 -529 -864 -109 315 90 2 -247 58 209 -742 -535 893 -354 -515 -955 418 -709 -316 26 44 -784 -574 -383 972 32 -675 -491 964 774 -727 366 -647 -786 901 -717 360 750 364 -270
-775 -719 -917 783 -797 -737 195 -168 49 384 -515 -657 670 -771 -359 314 -970 -928 876 -832 381 -622 496 455 -109 529 842 -573 -361 288 -283 210 -610 -684 -265 158 990 455 -359 -692 -287 -341 -751 77 -850 -733 701 -936 445 644 473 773 -751 13 634 -152 813 4 161 -379 161 -59 397 971 -192 424
-343 667 -788 -81 -730 384 902 494 719 -564 -126 -63 -180 329 70 -530 -510 497 -890 936 804 -734 91 -43 495 -897 343 -819 -482 683 190 -628 797 291 561 387 50 -803 -59 -708 414 703 -403 224 253 -789 986 -150 781 822 341 622 497 582 -379 389
-827 523 263 -725 -686 560 -280 -435 549 623 -724 -813 -981 722 -834 317 562 706 794 -81 438 750 131 -847 -166 98 768 -235 -937 -512 345 -483 -274 -585 378 922 -787 769 -453 -843 326 -911 -798 419 -727 -510 272 -668 476 -995 -619 -654 -786 -218 -594 521 446 -803 -675
-28 -224 960 -546 647 95 843 425 -983 -410 -674 108 -646 -41 -338 -917 -592 721 901 -225 -314 -682 300 -561 -234 432 899 -422 -88 -447 411 749 984 -176 -468 143 -441 211 -113 17 7 -921 -969 345 942 -829 396 841 -221 -582 133 244 -565 747 437
542 87 129 671 744 -775 -702 797 861 942 221 -959 107 203 -293 -787 101 49 -577 -410 -586 483 457 -313 907 -963 208 -340 -270 -110 -47 -760 166 679 866 437 -311 877 531 -513 826 -345 -632 -856 -531 -786 -9
791 867 -395 -473 -832 299 -370 -735 46 254 864 -178 -556 321 79 -37 232 -33 -811 -283 -358 -670 -357 275 667 -251 -124 -381 -973 -4 19 938 431 351 764 -849 -760 -615 164 92 1 -160 657 -744 421 -273 -745 436 -578 -24 -49 290 -310 -530 269 848 -228 -843 408 -185 823
845 -956 519 -250 -766 -276 554 794 -623 -571 -38 -23 -250 -928 -128 -502 -478 916 302 651 78 -160 -27 403 829 719 671 -106 207 -351 -136 373 928 644 -294 -783 802 -366 96
798 -15 433 442 375 160 -162 -728 -232 -829 880 585 815 97 -910 555 -757 -613 -289 -269 -904 568 -221 604 -819 -56 420 152 -526 -437 382 768 -46 92 742 -594 101 -365 414 -128 -944 236 -317 -77 -221 95 181 707 690
-103 -705 -432 817 671 -185 368 70 505 -620 -759 497 -225 139 115 425 629 74 920 596 711 690 -395 -103 795 -931 -956 614 -615 592 193 538 351 -753 -438 502 583 -456 533 -177 112 -992 544 707 836 552 734 91 735 694 152 -351
205 -836 593 199 828 672 -381 369 -184 404 -843 -229 138 -714 -150 -698 599 532 133 210 719 -863 195 171 324 662 -550 -607 -229 622 -370 577 -652 887 569 -562 179 -761 348 760 561 -653 639 -89
-591 518 474 24 -455 197 -378 607 -403 28 836 -852 -657 -795 952 -755 747 -374 621 629 923 -979 -389 -979 684 -55 223 220 388 -554 -289 -309 769 -2 -224 812 838 283 381 -797 -134 -546 -586 230 426 113 -4 472 20 -11 -928 -38 850 -222 532 337 -513 900 831 -806 -535 466