-393 -364 57 743 N/A -807 -610 317 -250 695 655 257 34 328 184 N/A -232 N/A 649 969 N/A -319 859 N/A 12 108 N/A 639 -244 N/A 3
-809 849 -430 N/A -446 -226 -745 -895 N/A -610 -250 -865 N/A 945 N/A 297 N/A -719 -40 -483 N/A 826 197 N/A -668 709 -662 551 N/A -996 -250 683 N/A 542 N/A -345 N/A -933 N/A 680 375 N/A 904 409 553 38 -396 585 503 -223 N/A -148 251 N/A -643 -465 859 -94 N/A 758 -520 N/A 825 -929 252 516 -484 -487 -640 -366
-596 N/A 50 669 -689 N/A -291 180 N/A -668 -23 397 699 N/A 1 -627 -526 -636 -941 N/A -511 N/A -952 -136 584
-804 N/A -455 N/A 485 N/A -933 -394 962 N/A -34 -801 960 N/A -34 315 N/A -368 -333 919 820 215 296 596 400 775 N/A -603 -15 4 104
-468 -62 49 717 -49 150 N/A -85 62 567 -45 N/A 580 -802 N/A 775 N/A 389 157 N/A 730 941 N/A 1 689 -959 -831 N/A 320 544 780 688 N/A -605 709 -670 N/A 170 570 -391 -605 -839 N/A -302 722 -172 N/A 947 N/A 803 505 179 951 -65 524 -470 N/A -654 N/A -376 N/A -203 N/A -882 -277 147 -363 N/A -182 916
-490 -556 -440 -438 406 -509 N/A -717 112 N/A 577 474 -2 N/A -668 N/A -388 N/A -163 N/A -644 -330 350 627 -1000 335 39
-942 628 N/A -118 -263 N/A -804 N/A 245 N/A -943 360 N/A 958 -892 -915 -652 -704 -31 -622 550 N/A -50 467 465 N/A 962 N/A 886 -680 N/A -420 860 N/A 875 358 100 221 -229 410
267 -329 N/A -683 85 -1000 -655 -490 -609 497 -762 -138 N/A 460 -967 981 N/A -390 -817 -230 -739 N/A -704 N/A 171 N/A 457 -151 N/A -879 826 929 N/A 407 N/A 893 588 N/A 422 -787 N/A -248 -373 168 645 572 N/A 256 -837 -690 -36 -406 N/A 111 N/A 818 -836 N/A 889 N/A -892 -320 259 -616 -97
160 -226 N/A -368 N/A 540 -284 -545 N/A 262 949 N/A -648 184 402 -853 646 N/A -236 551 494 -13 430 1 N/A 693 -969 N/A 933 645 -846
-659 385 -628 N/A -196 -243 N/A -960 -790 103 -281 -97 37 N/A -590 -72 88 N/A 973 -211 -891 N/A 58 -767 -309 704 -454 706 N/A -676 356 N/A 766 N/A 33 -918 N/A -443 -952 788 -117 N/A -971 N/A 142 N/A -717 N/A 944 903 -703 -120 -973 -286 N/A 654 359 -328 -712 N/A 980 -761
-39 -115 993 985 170 -87 -949 N/A -614 633 -320 N/A 33 N/A 345 320 -538 N/A 111 114 N/A 933 -337 N/A 376 N/A -822 847 946 N/A 237 922 N/A -71 579 -251 137 835 75 503 N/A 449 N/A 532
-545 -699 N/A 213 -585 -6 N/A 484 -773 741 -593 -401 -783 855 -162 N/A -899 N/A -315 -820 540 N/A 204 N/A -445 N/A -772 896 -372 N/A -655 -400 840 -886 N/A -469 N/A 105 -480 -994 N/A 216 -128 197 -541 -597
-312 302 130 -509 -517 886 N/A -542 N/A 318 -543 -493 611 N/A 995 -744 943 60 N/A -139 306 677 N/A -178 536 N/A 254 N/A 388 -293 -76 -937 N/A -261 234 753 N/A 187 -887 -201 N/A -696 -215 N/A 938
30 -714 96 -16 839 847 -190 677 596 N/A -676 242 N/A 857 -369 N/A 2 N/A -163 446 221 -172 N/A -503 -382 235 N/A 995 197 -616 N/A 721 N/A -372 N/A 770 645 562 365 N/A -519 743 -416 N/A 336 -641 N/A 317 -312
-289 N/A 628 -605 N/A 304 N/A 51 -728 -890 205 N/A 131 N/A 481 291 -977 -973 799 -886 -288 786 -914 N/A -904
40 814 352 -688 N/A -420 -812 N/A 996 88 N/A 221 291 -979 -968 305 -705 283 N/A 782 N/A -56 873 -471 N/A -96 17 N/A 869 -472 -19
-717 929 471 865 -797 311 N/A 14 -57 N/A -913 604 -960 N/A -401 -361 -370 235 N/A 369 -930 -36 N/A 29 983 108 N/A -101 N/A 939 -531 N/A -874 N/A -76 842 -732 N/A -659 -473
559 N/A 357 -827 -320 N/A 296 772 N/A 554 462 -891 -826 244 -883 -803 -274 -250 -960 -512 -257 -856 N/A 65 N/A -357 N/A -28 N/A 153 N/A 853 939 -423 -760 128 387 N/A -210
-616 N/A -160 896 N/A -741 N/A -288 N/A -717 670 986 N/A 451 450 474 36 534 N/A 134 409 -170 227 N/A -335 -950 -475 423 236 -557 82 N/A -226 -539 N/A -281 -314
339 -558 629 -804 738 N/A -140 366 197 -591 N/A 585 619 N/A -744 -533 497 -22 N/A -336 815 364 656 -521 365 408 -861 -847 524 978 N/A 225 777 -262 N/A -827 660 -129 N/A -611 -41 N/A -349 -126 N/A 11 N/A -800 64 -814 N/A 771 -459 N/A -393 N/A -423 -122 N/A -634 N/A -919 N/A -280
540 N/A -744 N/A -554 N/A -813 988 988 N/A -637 815 -185 -414 587 325 -182 923 667 115 362 -477 514 -784 N/A 446 286 N/A -960 -708 266 N/A -109 97 -942 N/A -141 N/A -668 N/A 555 446 617 N/A 483 587
-86 184 242 N/A -771 -113 -848 N/A 880 873 -98 N/A 778 447 N/A -33 N/A -696 -411 -93 565 N/A 42 N/A 626 588 N/A -369 -325 N/A -390 -81 N/A -789 N/A -952 -166 -669 N/A -793 -431 546 698 -337 -616 N/A 781 550 -479 -203 N/A -222 -409 -200 -477 651
303 N/A -180 N/A 623 -316 -571 815 N/A 413 244 712 841 N/A -759 N/A -639 -466 -917 -536 N/A -974 -662 994 -455 -245 542 -678 N/A 610 -578 163 N/A -677 N/A 706 126 -702 N/A 704 331 -939 N/A 701 840 -272 731 N/A -651
470 951 -332 805 863 643 -949 N/A 566 N/A 57 177 N/A -142 N/A 629 894 N/A 710 -670 645 -656 17 341 N/A 179 757 N/A 221 N/A -694 N/A 883 -482 -544 -223 N/A -131 -16 -985
321 645 -826 -112 414 -725 N/A -952 -655 -296 N/A -160 696 389 -55 N/A -717 N/A -851 N/A 129 N/A 366 -798 -341 998 245 N/A 502 885 N/A 586 332
-556 429 N/A 356 -564 N/A 69 -861 -671 -410 -826 -46 914 697 -1000 N/A -747 434 N/A -189 613 930 N/A 165 N/A 957 -468 N/A -651
-166 -944 N/A -557 -177 -774 404 120 698 N/A 91 N/A 182 -329 N/A 8 89 -964 -805 -615 N/A 513 N/A 440 N/A -513 -280 82 -829 -595 968
-637 235 N/A -52 -395 192 N/A -296 -999 673 937 -968 N/A 160 -940 172 676 N/A 366 736 203 -871 -345 N/A -394 -118 -415 -791 -69 N/A 995 950 N/A -922 N/A 500 N/A 354 314 N/A -897
-71 -432 -644 -313 -913 958 N/A 333 998 419 -874 -119 N/A 494 N/A 350 N/A 723 -603 N/A 323 10 N/A -237 -128 32 -561 N/A 23 -841 N/A -487 875
-465 -229 -224 540 -333 N/A -701 N/A 523 N/A -861 632 -65 N/A 203 271 -975 951 -634 -697 896 231 N/A -2 512 N/A 435 574 N/A -506 -724 -121 655 N/A -325 882 N/A 108 394 350 289 24 -631 -884 N/A -259 61 -711 N/A 357 N/A -132 583 N/A -305 N/A 710 N/A 136 -11 -694
-315 406 N/A 685 985 -355 N/A 459 355 -990 -258 -718 -976 N/A 911 -909 -78 N/A -770 -298 N/A -529 -890 506 N/A 301 -505 N/A 503 N/A -185 -150 N/A 3 -805 -24 -127 N/A -479 560 -634 N/A -993 N/A 424 -622 -294 649 -833 -216 N/A 190 -955 -995 -749
-457 862 -29 888 -91 N/A -782 N/A -391 39 N/A -616 N/A 893 N/A 407 477 236 -447 N/A -462 95 -37 N/A 376 N/A -431 18 662 208 609 -460 -979 N/A -458 N/A 675 678 -884 -595
-954 N/A -123 994 -678 332 N/A 385 698 -496 N/A -190 N/A -868 N/A 339 N/A 431 N/A 667 -452 -648 201 624 N/A 428 182 29 N/A 802 120 -899 N/A -926 260 N/A -472 523 973 N/A -810 N/A 299 210 -99 165 -94 -979 -937 647 974 885 -302 -500 906 N/A -173 338 -972 N/A 211 N/A 575 -408 131 464 390
-309 -911 -414 -66 N/A 427 -690 428 104 965 -565 N/A 987 606 -511 N/A 844 718 N/A -230 451 N/A 19 N/A 29 354 N/A 610 -194 N/A 587 -387 N/A 424 N/A 469 101 -608 365 N/A 855 -475 400 N/A -717 -437 -87 538 N/A 524 427 -741 N/A 585 -594 N/A 592 -535 632 884 744 406 -71 N/A 379 N/A 550 -14 -942
-55 N/A 835 N/A 113 N/A 343 N/A -686 -610 -702 389 309 N/A 858 995 -655 N/A -656 -416 273 -606 306 N/A 954 -617 N/A -241 -96 -331 -781 N/A -937 N/A -912 -235 -471 -888 430 -588 636 -554 N/A -948 N/A -360 N/A 153 -704 N/A 765 -791 541 N/A -7 41 849 221 850 N/A -179 293 -695 -430 N/A -537 92 314
754 -77 563 -805 -482 -810 699 N/A 343 N/A 887 N/A -483 81 427 -284 N/A 431 N/A 244 666 -22 N/A -984 -82 N/A -75 -254 122 -774 -699 N/A -827 -840 -226 N/A -928 840
-564 N/A -743 628 604 -665 -350 -888 -6 -781 -969 -669 -773 N/A 319 N/A -401 N/A 448 N/A -713 N/A 221 N/A 195 395 -477 N/A -372 37 -315 610 -160 477 N/A -625 -860 -184 N/A 30 N/A 229 908 N/A 84 555 508 -2 N/A -169 -884 N/A -920 -70 -389 640 -109 N/A -280 812 623 -328
-149 -684 -214 -783 -890 -425 -345 570 788 100 -457 N/A -857 N/A -496 -495 N/A 810 813 709 N/A -381 797 N/A -737 N/A -596
285 -5 -628 -951 134 998 N/A -965 N/A -325 869 N/A 401 43 -611 -446 -703 -129 N/A -120 -315 -356 N/A 189 932 N/A -438 577 -160 N/A -964 N/A 901 68 263 284 -209 N/A -422 N/A 178 -520
-547 N/A -341 330 N/A -281 -21 -398 -694 -595 N/A 514 -251 594 N/A 955 N/A -459 946 829 -75 N/A -312 799 374 1 N/A 179 636 -895
-893 -52 -585 552 N/A -91 -984 N/A 628 858 231 997 N/A -893 238 245 518 N/A -197 -35 N/A 137 504 29 583 965 -191 N/A 351 314 N/A -743 N/A -854 355 -896 37 N/A -874 579 N/A 518 -243 -634 -121 -640 N/A -670 N/A 446 N/A 261 -698 -898 N/A -621 328
-265 N/A -458 N/A 608 125 -976 852 906 N/A 84 N/A 877 724 N/A -493 -95 -505 N/A 328 -270 -974 -794 N/A 566 -936 N/A -899 -585 954 -439 -602 N/A -599 -741 -63
295 399 N/A -719 905 329 N/A -273 N/A 489 459 844 N/A -112 -10 -162 990 -143 N/A 103 -497 -110 -933 N/A 383 -29
-228 N/A 897 N/A -340 179 N/A -988 398 N/A 333 989 -157 -774 -945 N/A -75 -469 -915 N/A -638 N/A 667 763 -8 201 305 N/A -424 633 456 587 535 20 N/A 108
536 84 N/A -190 -204 -42 N/A 288 340 N/A -61 -247 N/A -760 -96 824 903 -718 N/A -79 N/A 518 -239 -437 N/A 704 430 N/A 618 -104 -545 -503 N/A 510 767 -119
19 350 -288 111 634 8 -852 611 511 -743 N/A 112 657 289 349 N/A -958 48 4 83 160 -59 N/A 623 N/A 324 137 -881 N/A 73 N/A 12 678 N/A -642 N/A -613 641 301 N/A -597 -582 N/A -134 -495 N/A -272 N/A 449 700 N/A -956 891
-405 257 N/A 190 N/A -790 258 -702 N/A 790 661 268 579 N/A 103 -906 900 N/A -54 -585 551 370 N/A 630 N/A 622 -66 391 189 -935 983 N/A 581 947 -233 90 N/A -291 -157 -495 N/A -824 N/A -933 N/A -738 -53 592 N/A 791 80 -173 308 234 502 -835 -19 N/A 680 -850 895 N/A 783
-748 687 494 958 -667 483 -613 N/A -697 53 N/A -515 N/A 838 151 N/A 569 8 -284 N/A -377 -307 514 -399 N/A -44 N/A -348 718 59 N/A -857
254 -208 -738 -260 -723 -78 405 -261 N/A 125 276 46 -813 N/A -30 274 633 N/A -310 -794 N/A 129 N/A 371 -674 135 N/A 871 N/A 983 -536 864 312 N/A -78 584 N/A 825 N/A 162
806 -177 -853 N/A -293 N/A 663 N/A 542 840 620 N/A -838 258 767 976 N/A -381 N/A -753 N/A 93 -349 -847 N/A 797 -730 295 N/A 52 -218 305 619 -77 228 N/A -724 489 -981 N/A 662 -130 -587 -937 22 565 635 N/A 270 -592 -955 N/A -713 726 701 N/A -141 N/A 267 -230 -285 -469 -868 -47 603 N/A 641
309 1 -806 N/A -665 434 -607 N/A -979 N/A 354 -523 -513 N/A 730 805 N/A 247 N/A -942 N/A 345 -548 -364 850 -820 987 N/A -415 561 430 -844 947 -989 N/A 453 -606 N/A -696 N/A -457 712 -861 N/A 217 N/A 454 N/A -921 -901 N/A -674 340 245 281 60 -214 -4 -41 585 237 -271
942 -886 -910 361 661 532 -763 N/A 84 N/A -655 N/A 874 -871 N/A -200 N/A 901 -922 -149 N/A -407 997 N/A -371 661 -666 -137 -103 952 445 -979 N/A 252 N/A -368 -318 N/A 744 392 -884 -482 -379 -577 -624 N/A 781 -305 -372 N/A 755
362 568 -53 -989 N/A 198 774 N/A 532 404 N/A -68 -243 137 769 -532 N/A -535 -325 N/A -115 218 N/A -699 N/A -668 174 449 579 434 N/A 831 -106 N/A -715 -14 -171 80 N/A 291 -932 N/A -664 768 231 187 N/A -448 -870 975 N/A 475 634 546
151 817 -965 220 N/A -750 -183 849 N/A -145 -400 -656 -629 907 N/A -247 -418 548 N/A -694 133 71 N/A 844 N/A 84 -44 N/A 699
210 -955 -758 -787 N/A -290 550 -684 N/A 12 -295 -145 -198 N/A 425 -382 -28 N/A -637 -819 -132 -994 N/A -35 N/A 937 N/A -788 339 -448 N/A -840 -209 248 -71
45 -510 -707 N/A 922 22 -626 N/A 266 -94 -398 857 -675 963 -476 -33 N/A -246 923 N/A 589 -726 N/A -308 178 N/A -368 N/A -735 -323 N/A 857 N/A -172 270 257 624 -141 N/A -83 -254 860
896 885 N/A -317 898 -997 N/A -704 -206 -249 N/A -526 -674 780 55 -15 -53 -899 -210 746 N/A 436 836 10 524 N/A -884 N/A -475 44 860 N/A 128 N/A -325 514 N/A 668 689 -544 N/A -568 215 N/A -84 -596 N/A 598 556
-284 N/A 431 -872 -637 562 N/A -479 787 N/A 329 -874 N/A 623 -380 N/A -310 -725 -785 N/A -82 750 -308 754 11 945 N/A 286 -881 N/A 678 N/A -181 -883 N/A -221 411 -165 -247 538 963
-809 966 N/A -768 N/A 144 -517 N/A -589 971 N/A -377 119 913 249 -730 621 79 -122 95 -386 N/A -906 N/A -1000 -395 N/A -723 -750 -411 N/A -147 -335
-575 N/A -95 516 N/A -501 -411 -525 N/A 125 -320 622 98 722 -918 260 617 -276 N/A 370 -560 -696 N/A 793 N/A -782 N/A 300 N/A -114 61 856 N/A 409 -192 -199 N/A -837 -371 -586 N/A -748 N/A 364 N/A 651 -514 -47 -192 N/A 346 983 -680 398 513 688 -722 N/A -308 -237 -663 N/A 32 994 170 -782 695
-674 N/A 384 751 -695 103 N/A 352 -177 161 -7 N/A 765 -547 624 691 94 83 N/A -720 -426 N/A 709 N/A 195
306 88 771 -192 -640 N/A -852 501 -627 -518 N/A -935 -368 -480 -798 986 734 N/A 81 644 N/A 726 N/A 195 -462 -5 397 994 N/A 634 760 N/A 99 N/A -978 N/A 608 -869 4 567 N/A 823 -121 N/A -239 517 -544 591 N/A -443 N/A -342 N/A 169 N/A 682 -819 219 N/A -612 823 -965 957 942 -867 806
-867 -562 -834 -486 N/A -807 235 N/A -575 N/A 284 769 459 -982 N/A -950 -558 -189 922 N/A 861 -841 -961 N/A -309 N/A -727 847 804 -540 N/A -289 33 666 -96
-259 -609 N/A 691 223 -289 -794 N/A -997 81 N/A 85 912 761 649 N/A 846 -274 N/A 561 N/A 453 N/A -206 512 306 N/A 611 -164 N/A -650 -492 -690 -270 867 -715 662 -924 N/A 521 -894 -16 N/A -979 N/A 485 N/A -909 -235 N/A 670 -355 N/A 415 482 921 -496 N/A 420 N/A 355 690 205 218 -578 633 203 -727 -766