57.0 743.0 317.0 695.0 655.0 257.0 34.0 328.0 184.0 208.5 649.0 969.0 325.0 859.0 435.5 12.0 108.0 373.5 639.0 3.0
849.0 40.0 945.0 621.0 297.0 171.5 826.0 197.0 709.0 551.0 683.0 612.5 542.0 98.5 680.0 375.0 639.5 904.0 409.0 553.0 38.0 585.0 503.0 251.0 859.0 332.0 758.0 152.5 825.0 252.0 516.0
50.0 669.0 180.0 397.0 699.0 350.0 1.0 584.0
15.0 485.0 962.0 464.0 960.0 463.0 315.0 919.0 820.0 215.0 296.0 596.0 400.0 775.0 86.0 4.0 104.0
49.0 717.0 150.0 32.5 62.0 567.0 267.5 580.0 775.0 582.0 389.0 157.0 443.5 730.0 941.0 471.0 1.0 689.0 320.0 544.0 780.0 688.0 41.5 709.0 170.0 570.0 722.0 387.5 947.0 875.0 803.0 505.0 179.0 951.0 524.0 147.0 916.0
406.0 112.0 344.5 577.0 474.0 350.0 627.0 335.0 39.0
628.0 255.0 245.0 360.0 659.0 958.0 550.0 250.0 467.0 465.0 713.5 962.0 924.0 886.0 860.0 867.5 875.0 358.0 100.0 221.0 410.0
267.0 85.0 497.0 161.0 460.0 981.0 295.5 171.0 314.0 457.0 826.0 929.0 668.0 407.0 650.0 893.0 588.0 505.0 422.0 168.0 645.0 572.0 414.0 256.0 111.0 464.5 818.0 26.5 889.0 259.0
160.0 86.0 540.0 262.0 949.0 150.5 184.0 402.0 646.0 205.0 551.0 494.0 430.0 1.0 347.0 693.0 933.0 645.0
385.0 103.0 37.0 88.0 530.5 973.0 58.0 704.0 706.0 15.0 356.0 561.0 766.0 399.5 33.0 788.0 142.0 113.5 944.0 903.0 184.0 654.0 359.0 134.0 980.0
993.0 985.0 170.0 633.0 33.0 189.0 345.0 320.0 111.0 114.0 523.5 933.0 19.5 376.0 847.0 946.0 591.5 237.0 922.0 425.5 579.0 137.0 835.0 75.0 503.0 476.0 449.0 490.5 532.0
213.0 239.0 484.0 741.0 855.0 540.0 372.0 204.0 896.0 840.0 105.0 216.0 197.0
302.0 130.0 886.0 172.0 318.0 611.0 803.0 995.0 943.0 60.0 306.0 677.0 249.5 536.0 395.0 254.0 321.0 388.0 234.0 753.0 470.0 187.0 361.5 938.0
30.0 96.0 839.0 847.0 677.0 596.0 242.0 549.5 857.0 2.0 446.0 221.0 235.0 615.0 995.0 197.0 52.5 721.0 174.5 199.0 770.0 645.0 562.0 365.0 743.0 336.0 317.0
169.5 628.0 304.0 177.5 51.0 205.0 168.0 131.0 306.0 481.0 291.0 799.0 786.0
40.0 814.0 352.0 92.0 996.0 88.0 154.5 221.0 291.0 305.0 283.0 532.5 782.0 363.0 873.0 17.0 443.0 869.0
929.0 471.0 865.0 311.0 162.5 14.0 604.0 235.0 302.0 369.0 29.0 983.0 108.0 3.5 419.0 939.0 842.0
559.0 458.0 357.0 296.0 772.0 663.0 554.0 462.0 244.0 65.0 62.5 153.0 503.0 853.0 939.0 128.0 387.0 88.5
896.0 77.5 670.0 986.0 718.5 451.0 450.0 474.0 36.0 534.0 334.0 134.0 409.0 227.0 423.0 236.0 82.0
339.0 629.0 738.0 299.0 366.0 197.0 585.0 619.0 497.0 815.0 364.0 656.0 365.0 408.0 524.0 978.0 601.5 225.0 777.0 660.0 11.0 64.0 771.0
540.0 988.0 988.0 175.5 815.0 587.0 325.0 923.0 667.0 115.0 362.0 514.0 446.0 286.0 266.0 78.5 97.0 555.0 446.0 617.0 550.0 483.0 587.0
184.0 242.0 16.0 880.0 873.0 340.0 778.0 447.0 207.0 565.0 303.5 42.0 334.0 626.0 588.0 109.5 546.0 698.0 82.5 781.0 550.0 651.0
303.0 61.5 221.5 623.0 815.0 614.0 413.0 244.0 712.0 841.0 41.0 994.0 542.0 610.0 163.0 14.5 706.0 126.0 1.0 704.0 331.0 701.0 840.0 731.0 40.0
470.0 951.0 805.0 863.0 643.0 566.0 311.5 57.0 177.0 17.5 243.5 629.0 894.0 802.0 710.0 645.0 17.0 341.0 260.0 179.0 757.0 489.0 221.0 94.5 883.0
321.0 645.0 414.0 696.0 389.0 129.0 247.5 366.0 998.0 245.0 373.5 502.0 885.0 735.5 586.0 332.0
429.0 392.5 356.0 69.0 914.0 697.0 434.0 122.5 613.0 930.0 547.5 165.0 561.0 957.0
404.0 120.0 698.0 394.5 91.0 136.5 182.0 8.0 89.0 513.0 476.5 440.0 82.0 968.0
235.0 91.5 192.0 673.0 937.0 160.0 172.0 676.0 521.0 366.0 736.0 203.0 463.0 995.0 950.0 14.0 500.0 427.0 354.0 314.0
958.0 645.5 333.0 998.0 419.0 187.5 494.0 422.0 350.0 536.5 723.0 323.0 10.0 32.0 23.0 875.0
540.0 523.0 632.0 69.0 203.0 271.0 951.0 896.0 231.0 114.5 512.0 473.5 435.0 574.0 34.0 655.0 165.0 882.0 495.0 108.0 394.0 350.0 289.0 24.0 61.0 357.0 112.5 583.0 139.0 202.5 710.0 423.0 136.0
406.0 545.5 685.0 985.0 52.0 459.0 355.0 911.0 506.0 403.5 301.0 503.0 159.0 3.0 560.0 424.0 649.0 190.0
862.0 888.0 39.0 138.5 893.0 650.0 407.0 477.0 236.0 95.0 169.5 376.0 18.0 662.0 208.0 609.0 108.5 675.0 678.0
994.0 332.0 358.5 385.0 698.0 339.0 385.0 431.0 549.0 667.0 201.0 624.0 526.0 428.0 182.0 29.0 415.5 802.0 120.0 260.0 523.0 973.0 81.5 299.0 210.0 165.0 647.0 974.0 885.0 906.0 366.5 338.0 211.0 393.0 575.0 131.0 464.0 390.0
180.5 427.0 428.0 104.0 965.0 211.0 987.0 606.0 166.5 844.0 718.0 244.0 451.0 235.0 19.0 24.0 29.0 354.0 482.0 610.0 196.5 587.0 18.5 424.0 446.5 469.0 101.0 365.0 610.0 855.0 400.0 538.0 531.0 524.0 427.0 585.0 592.0 632.0 884.0 744.0 406.0 154.0 379.0 464.5 550.0
390.0 835.0 474.0 113.0 228.0 343.0 389.0 309.0 583.5 858.0 995.0 273.0 306.0 630.0 954.0 430.0 636.0 153.0 30.5 765.0 541.0 267.0 41.0 849.0 221.0 850.0 335.5 293.0 92.0 314.0
754.0 563.0 699.0 521.0 343.0 615.0 887.0 202.0 81.0 427.0 73.5 431.0 337.5 244.0 666.0 122.0 840.0
628.0 604.0 319.0 23.5 448.0 221.0 208.0 195.0 395.0 37.0 610.0 477.0 30.0 129.5 229.0 908.0 496.0 84.0 555.0 508.0 640.0 812.0 623.0
570.0 788.0 100.0 157.5 810.0 813.0 709.0 164.0 797.0 30.0
285.0 134.0 998.0 16.5 869.0 635.0 401.0 43.0 189.0 932.0 247.0 577.0 901.0 68.0 263.0 284.0 178.0
330.0 24.5 514.0 594.0 774.5 955.0 248.0 946.0 829.0 799.0 374.0 1.0 90.0 179.0 636.0
552.0 230.5 628.0 858.0 231.0 997.0 52.0 238.0 245.0 518.0 160.5 51.0 137.0 504.0 29.0 583.0 965.0 80.0 351.0 314.0 355.0 37.0 579.0 548.5 518.0 446.0 353.5 261.0 328.0
75.0 608.0 125.0 852.0 906.0 495.0 84.0 480.5 877.0 724.0 115.5 328.0 566.0 954.0
295.0 399.0 905.0 329.0 28.0 108.0 489.0 459.0 844.0 366.0 990.0 103.0 383.0
334.5 897.0 278.5 179.0 398.0 365.5 333.0 989.0 14.5 667.0 763.0 201.0 305.0 633.0 456.0 587.0 535.0 20.0 64.0 108.0
536.0 84.0 123.0 288.0 340.0 139.5 824.0 903.0 219.5 518.0 133.5 704.0 430.0 524.0 618.0 3.5 510.0 767.0
19.0 350.0 111.0 634.0 8.0 611.0 511.0 112.0 657.0 289.0 349.0 48.0 4.0 83.0 160.0 282.0 623.0 473.5 324.0 137.0 73.0 42.5 12.0 678.0 18.0 641.0 301.0 88.5 449.0 700.0 891.0
257.0 223.5 190.0 258.0 44.0 790.0 661.0 268.0 579.0 341.0 103.0 900.0 423.0 551.0 370.0 500.0 630.0 626.0 622.0 391.0 189.0 983.0 782.0 581.0 947.0 90.0 592.0 691.5 791.0 80.0 308.0 234.0 502.0 330.5 680.0 895.0 839.0 783.0
687.0 494.0 958.0 483.0 53.0 161.5 838.0 151.0 360.0 569.0 8.0 514.0 718.0 59.0
254.0 405.0 125.0 276.0 46.0 274.0 633.0 161.5 129.0 250.0 371.0 135.0 503.0 871.0 927.0 983.0 864.0 312.0 117.0 584.0 704.5 825.0 493.5 162.0
806.0 185.0 663.0 602.5 542.0 840.0 620.0 258.0 767.0 976.0 297.5 93.0 797.0 295.0 173.5 52.0 305.0 619.0 228.0 489.0 662.0 22.0 565.0 635.0 452.5 270.0 726.0 701.0 280.0 63.0 267.0 603.0 622.0 641.0
309.0 1.0 434.0 354.0 108.5 730.0 805.0 526.0 247.0 345.0 850.0 987.0 286.0 561.0 430.0 947.0 453.0 712.0 217.0 335.5 454.0 340.0 245.0 281.0 60.0 585.0 237.0
942.0 361.0 661.0 532.0 84.0 109.5 874.0 350.5 901.0 997.0 313.0 661.0 952.0 445.0 252.0 213.0 744.0 392.0 78.5 781.0 191.5 755.0
362.0 568.0 198.0 774.0 653.0 532.0 404.0 168.0 137.0 769.0 218.0 174.0 449.0 579.0 434.0 632.5 831.0 80.0 185.5 291.0 768.0 231.0 187.0 975.0 725.0 475.0 634.0 546.0
151.0 817.0 220.0 849.0 352.0 907.0 330.0 548.0 133.0 71.0 457.5 844.0 464.0 84.0 327.5 699.0
210.0 550.0 12.0 113.5 425.0 451.0 937.0 74.5 339.0 248.0
45.0 107.5 922.0 22.0 266.0 857.0 963.0 923.0 756.0 589.0 178.0 267.0 857.0 342.5 270.0 257.0 624.0 860.0
896.0 885.0 284.0 898.0 780.0 55.0 746.0 591.0 436.0 836.0 10.0 524.0 44.0 860.0 494.0 128.0 514.0 591.0 668.0 689.0 215.0 65.5 1.0 598.0 556.0
73.5 431.0 562.0 41.5 787.0 558.0 329.0 623.0 750.0 754.0 11.0 945.0 615.5 286.0 678.0 248.5 411.0 538.0 963.0
966.0 99.0 144.0 971.0 297.0 119.0 913.0 249.0 621.0 79.0 95.0
516.0 7.5 125.0 622.0 98.0 722.0 260.0 617.0 47.0 370.0 48.5 793.0 5.5 300.0 93.0 61.0 856.0 632.5 409.0 364.0 507.5 651.0 77.0 346.0 983.0 398.0 513.0 688.0 32.0 994.0 170.0 695.0
384.0 751.0 103.0 227.5 352.0 161.0 379.0 765.0 624.0 691.0 94.0 83.0 141.5 709.0 452.0 195.0
306.0 88.0 771.0 501.0 986.0 734.0 407.5 81.0 644.0 685.0 726.0 460.5 195.0 397.0 994.0 814.0 634.0 760.0 429.5 99.0 608.0 4.0 567.0 695.0 823.0 517.0 591.0 74.0 169.0 425.5 682.0 219.0 823.0 957.0 942.0 806.0
235.0 284.0 769.0 459.0 922.0 891.5 861.0 847.0 804.0 33.0 666.0
41.0 691.0 223.0 81.0 83.0 85.0 912.0 761.0 649.0 747.5 846.0 143.5 561.0 507.0 453.0 123.5 512.0 306.0 458.5 611.0 867.0 662.0 521.0 485.0 217.5 670.0 30.0 415.0 482.0 921.0 420.0 387.5 355.0 690.0 205.0 218.0 633.0 203.0
